P_open = 2000.0 [Pa]
P_close= 1000.0 [Pa]
P_in= 300.0 [Pa]
R_valve = 0.08333333333333333
R_act = 5000
R_in = 0.08333333333333333
